原始矩阵:
2.498105827694225844e-01 1.645503178714079473e-01 9.223499958516677699e-01 6.929308740350159646e-01
3.218997299476999974e-02 4.875224527878094793e-01 4.074290296379764476e-01 1.293199713598571776e-01
7.006460522450951300e-01 9.624342143139066330e-01 1.384344688857707117e-01 7.651819757793449917e-01

转置后的矩阵:
2.498105827694225844e-01 3.218997299476999974e-02 7.006460522450951300e-01
1.645503178714079473e-01 4.875224527878094793e-01 9.624342143139066330e-01
9.223499958516677699e-01 4.074290296379764476e-01 1.384344688857707117e-01
6.929308740350159646e-01 1.293199713598571776e-01 7.651819757793449917e-01
